16 13 1
0.179355 0.245825 0.327185 0.370059 0.408429 0.443485 0.494444 0.524734 0.553369 0.580594 0.665725 0.718868 0.810005 0.869519 1.010840 1.259926 1
0.180883 0.248000 0.329304 0.372480 0.411110 0.446412 0.492422 0.522361 0.550699 0.577650 0.673020 0.726571 0.828345 0.883082 1.022771 1.312201 1
0.192763 0.263637 0.346270 0.393179 0.435035 0.473153 0.528984 0.561349 0.591947 0.621039 0.695877 0.754960 0.840290 0.904542 1.022858 1.333779 1
0.196173 0.284191 0.340849 0.389306 0.432320 0.485593 0.521123 0.554553 0.586119 0.652941 0.704797 0.753867 0.826620 0.914592 1.043355 1.366580 1
0.185962 0.271158 0.325673 0.380982 0.421983 0.459258 0.493790 0.526060 0.593085 0.640069 0.686571 0.740691 0.791939 0.864797 0.995470 1.291443 1
0.243411 0.329227 0.417371 0.471725 0.520350 0.564899 0.629429 0.665631 0.700057 0.733184 0.797772 0.866505 0.964279 1.083385 1.323605 1.843211 2
0.181800 0.229149 0.281841 0.316080 0.347077 0.375545 0.416227 0.439983 0.462531 0.484039 0.521798 0.563836 0.625485 0.693413 0.859721 1.285340 2
0.181844 0.239297 0.286243 0.346487 0.380405 0.411592 0.440591 0.485745 0.510360 0.533886 0.583533 0.634895 0.686968 0.746739 0.928817 1.349996 2
0.183162 0.241465 0.289006 0.349136 0.383259 0.414638 0.443817 0.490346 0.515124 0.538828 0.584424 0.637901 0.692075 0.749467 0.931386 1.351996 2
0.259828 0.386202 0.467173 0.551538 0.612840 0.688103 0.739157 0.809584 0.867098 0.928128 1.035416 1.105232 1.226858 1.387634 1.688301 2.510597 3
0.253847 0.376913 0.455309 0.538237 0.597568 0.672011 0.721408 0.791625 0.848207 0.909886 1.019144 1.088762 1.204968 1.391911 1.708828 2.595842 3
0.258894 0.382722 0.463046 0.531652 0.608816 0.663667 0.732913 0.799506 0.856817 0.915117 0.981336 1.065597 1.194778 1.342105 1.622446 2.401019 3
0.256174 0.378465 0.458108 0.541309 0.601418 0.672627 0.722720 0.788117 0.847761 0.904478 1.004000 1.063252 1.169043 1.327624 1.605178 2.323471 3